50 706 29
51.963253 11.297209
52.418297 78.961160
37.691041 26.127385
87.528307 48.152634
59.216292 49.028822
8.770318 46.057089
7.641538 26.163304
13.009291 92.986133
16.377195 8.667594
15.919658 44.592108
44.446271 69.793694
71.292380 26.093017
43.058092 28.232122
19.449776 70.640139
89.877452 98.985181
34.939596 41.840705
10.282390 87.357893
20.801865 47.973431
13.485278 8.330172
96.126065 72.701570
57.358995 4.896383
18.758659 65.000533
31.059687 31.767950
57.986667 47.436881
40.435545 73.906325
92.028989 84.881816
43.700019 63.321369
10.974832 86.758111
91.553491 30.424609
57.398250 81.430943
29.409789 92.337847
23.271648 39.692179
79.695740 44.073513
87.665610 93.181018
52.403686 83.791674
65.882587 9.762680
88.688057 84.641246
74.763214 19.747743
16.409197 32.749880
67.184625 56.844742
6.656205 59.213614
41.726557 50.356224
22.534983 52.701389
37.114335 14.088474
83.125998 94.512585
95.519416 12.535787
86.850432 18.791064
52.227966 66.546172
62.864577 39.893576
59.727189 15.268263
7 29
41 46
38 8
20 15
37 31
34 31
8 4
48 35
20 12
0 18
40 26
46 21
28 9
32 1
2 45
15 11
27 6
9 15
15 29
32 4
11 16
37 21
22 36
8 45
0 9
15 42
35 11
13 16
22 48
17 26
43 32
37 22
41 47
26 20
14 39
39 2
40 21
10 40
30 25
32 18
38 47
34 10
45 1
36 41
36 26
13 29
23 1
37 1
24 3
43 15
5 8
28 47
29 39
37 12
16 21
30 5
21 14
15 16
17 4
9 3
32 23
32 7
26 21
10 2
27 3
17 32
11 46
30 43
37 19
7 3
43 39
8 16
3 26
32 22
32 44
26 14
19 10
23 45
34 33
0 11
37 17
45 0
15 27
45 2
49 4
8 44
43 16
10 48
21 28
42 7
9 17
5 45
1 5
6 40
24 4
42 40
31 38
44 30
44 2
24 38
19 36
36 15
31 7
44 19
6 38
29 18
6 36
13 7
41 22
47 15
26 41
29 2
4 16
14 25
3 0
43 36
8 37
5 16
25 36
40 15
20 39
33 46
31 40
5 12
44 47
38 1
16 2
26 19
5 21
5 15
8 12
31 36
1 16
19 23
16 12
39 36
1 22
14 41
49 9
41 37
10 7
42 38
28 49
12 35
14 20
8 0
15 28
24 31
17 43
39 3
47 29
16 38
18 28
45 12
17 23
11 31
8 27
1 7
25 10
8 40
40 34
24 32
49 43
25 40
47 5
45 46
36 12
34 5
40 29
19 9
2 31
40 12
10 44
19 37
6 27
30 46
11 4
28 12
4 46
11 0
42 49
14 26
6 4
7 26
16 11
9 8
23 19
2 43
22 39
4 36
45 34
0 44
40 5
41 3
7 35
2 21
14 11
27 21
37 43
2 8
17 6
17 21
6 16
9 48
21 2
3 30
39 5
1 3
18 29
27 5
24 10
3 28
20 21
35 24
49 0
2 19
23 18
33 31
34 44
29 8
48 32
40 42
41 8
21 18
16 47
30 19
26 3
40 11
27 42
11 36
1 46
18 35
41 49
45 39
32 36
29 24
28 21
34 1
41 0
48 24
20 26
27 12
37 6
4 0
37 38
14 5
25 7
4 23
48 38
9 28
1 49
1 42
18 21
19 45
36 6
1 40
9 40
8 48
28 24
3 6
33 9
29 33
0 40
31 14
15 23
40 36
25 26
45 26
19 4
17 29
2 47
5 7
3 38
18 34
21 20
24 35
37 5
28 10
23 46
38 14
32 13
42 27
41 13
33 10
42 35
8 47
44 13
37 13
48 11
46 22
30 47
27 10
8 46
16 43
20 2
24 6
15 19
43 23
38 6
3 36
17 38
13 15
13 45
12 40
5 20
42 16
18 9
9 31
20 31
37 49
15 31
14 16
24 29
19 18
9 12
34 27
23 43
9 43
27 45
39 16
46 5
47 22
39 20
36 31
46 39
40 13
5 14
0 14
35 9
39 1
17 0
46 44
45 37
10 41
44 10
15 35
30 1
16 29
41 6
44 48
22 38
4 2
34 32
35 40
25 31
34 20
21 47
7 28
1 39
32 19
20 25
28 14
23 0
5 38
23 9
42 10
35 27
8 11
11 45
31 32
42 47
27 2
40 9
22 11
34 0
27 8
0 32
48 26
42 41
9 23
15 17
34 28
12 18
12 4
17 12
5 44
14 48
11 40
40 38
0 41
21 49
19 15
3 1
30 18
18 17
47 33
37 11
39 4
23 47
45 6
30 6
49 21
44 1
14 17
0 33
40 37
45 22
41 7
1 28
18 40
36 34
45 16
40 46
48 1
6 0
34 43
32 42
10 42
49 11
23 20
4 9
14 43
46 2
28 42
18 20
9 38
9 16
39 46
24 43
28 25
18 37
7 8
2 23
2 49
25 30
43 44
2 12
22 13
30 11
9 41
49 34
9 22
10 23
22 17
31 25
43 33
26 18
14 18
4 18
30 26
32 10
39 43
1 38
27 37
18 39
10 36
22 34
28 48
12 23
2 24
4 41
17 5
32 47
44 0
38 4
26 0
5 18
45 27
27 7
19 46
22 19
27 24
43 31
38 49
9 33
37 42
10 16
42 15
34 39
45 36
14 22
44 34
21 23
19 43
19 39
28 36
1 17
38 13
2 39
31 24
7 25
40 41
16 37
28 31
9 24
49 36
27 43
35 46
32 14
33 23
0 35
14 15
26 48
39 34
20 5
25 32
31 44
14 30
38 7
45 17
48 47
4 13
12 30
13 4
37 44
32 8
40 33
1 6
15 34
48 41
0 36
12 45
5 13
43 9
26 7
39 41
13 8
29 1
4 12
11 5
21 3
40 25
9 6
11 10
49 15
1 13
45 8
26 40
17 2
49 8
43 13
16 25
16 20
39 29
3 27
27 16
18 24
24 44
2 42
28 20
43 8
25 21
21 9
9 10
49 22
15 26
41 33
0 15
29 16
11 28
23 12
35 42
1 24
0 45
17 16
45 9
24 49
14 37
27 48
12 36
45 23
16 48
24 14
15 10
21 34
4 40
2 22
25 47
45 7
43 11
9 47
25 23
35 20
18 13
27 41
5 0
25 9
33 15
12 24
35 22
20 6
19 7
28 18
11 49
33 35
43 12
12 3
35 44
20 14
10 34
42 25
10 24
21 32
13 1
10 46
6 21
23 15
26 8
12 49
22 24
33 12
12 27
37 23
2 10
7 36
1 9
14 40
7 21
46 32
38 25
40 0
26 39
35 13
25 22
25 28
21 25
34 9
12 1
34 22
22 33
13 32
41 38
32 28
3 48
20 45
9 42
20 4
16 6
8 2
35 7
45 43
1 19
6 35
47 9
34 17
14 49
0 34
4 17
42 22
48 0
26 1
10 28
7 17
39 35
35 43
6 43
28 5
2 14
21 38
42 23
24 48
40 17
22 40
17 49
43 2
13 6
31 20
5 10
15 13
3 44
8 43
0 31
32 43
5 6
43 47
25 16
38 43
15 33
45 30
39 28
0 12
1 8
24 16
21 29
36 37
4 20
32 9
9 4
44 49
32 46
25 43
1 11
44 25
40 7
28 3
25 1
44 4
29 5
10 25
5 29
8 32
8 5
12 17
30 42
22 49
4 32
27 14
7 31
25 46
20 30
15 48
27 25
25 35
32 26
38 46
45 20
38 18
21 15
18 23
39 22
5 17
38 15
0 13
11 20
45 36
1 10
37 28
38 12
16 20
40 4
17 36
26 7
4 47
20 14
48 28
31 36
43 31
1 6
4 46
44 5
9 31
33 49
45 1
19 36
7 38
13393.159934 6
